# CACTUS 2012
# Response functions based on measured in-beam spectra, gated on coincident gamma-rays to obtain monoenergetic gamma ray transitions
# Next: Numer of Lines
10
# Eg        FWHM_rel      Eff_tot       FE            SE          DE            c511
  360    1.8465110        0.798       144693           0           0             0
  847    1.2905956        0.934       2394850          0           0             0
 1238    1.0261709        0.984       55988            880         0             0
 1779    0.9133949        1.008       494227           14652       0             7748
 2839    0.7804907        1.032       77000            6552        0             6039
 3089    0.7651453        1.036       76115            9894        2104          6000
 4497    0.6569752        1.050       10541            3206        600           3627
 6130    0.5542545        1.063       26554            12242       1573          6793
 9900    0.5073242        1.080       3443             1183        454           2574
 15000   0.4333146        1.090       2000             1500        400           1600


# Eg
  360
  847
 1238
 1779
 2839
 3089
 4497
 6130
 9900
 15000
